ABIDJAN 2,175, 26, 191, 0, 10, 12, 47, 17, 295, 64, 1446, 2, 66, 29, 622, 3002
ABOBO EST,46,11,102,0,9,10,21,12,92,22,312,0,14,0,345,996
ABOBO OUEST,8,1,13,0,0,0,14,0,195,2,202,2,10,1,126,574
ANYAMA,62,9,44,0,0,0,3,2,0,2,163,0,9,28,0,322
COCODY BINGERVILLE,36,2,31,0,1,2,0,0,5,1,146,0,6,0,36,266
KOUMASSI-PORT-BOUET-VRIDI,20,2,0,0,0,0,9,3,2,30,554,0,27,0,109,756
MARCORY-TREICHVILLE,3,1,1,0,0,0,0,0,1,7,69,0,0,0,6,88
ABIDJAN 1-GRANDS PONTS 138,19,183,0,40,3,56,27,43,96,1130,19,30,32,403,2219
ADJAME-PLATEAU-ATTECOUBE,34,2,20,0,9,1,17,0,1,7,293,0,0,21,63,468
DABOU,32,10,92,0,31,1,17,25,33,38,117,17,2,11,129,555
GRAND-LAHOU,14,2,6,0,0,0,0,0,0,0,136,0,2,0,13,173
JACQUEVILLE,6,1,8,0,0,0,1,1,3,0,50,0,3,0,14,87
YOPOUGON-EST,6,2,6,0,0,0,1,0,3,0,97,0,0,0,44,159
YOPOUGON-OUEST SONGON,46,2,51,0,0,1,20,1,3,51,437,2,23,0,140,777
AGNEBY-TIASSA-ME,147,7,53,0,0,0,18,10,16,29,1263,30,59,28,406,2066
ADZOPE,49,5,17,0,0,0,9,0,10,7,216,30,17,25,22,407
AGBOVILLE,48,0,2,0,0,0,0,0,0,2,469,0,16,0,9,546
AKOUPE,7,0,20,0,0,0,0,3,0,3,116,7,0,117,273
ALEPE,25,1,6,0,0,0,1,0,1,16,120,0,8,2,218,398
SIKENSI,3,0,2,0,0,0,0,0,0,1,103,0,1,1,11,122
TIASSALE,15,1,6,0,0,0,8,7,5,0,239,0,10,0,29,320
BELIER,143,11,99,0,19,0,21,10,58,62,511,37,27,79,214,1291
DIDIEVI,11,0,6,0,0,0,1,0,0,1,51,0,1,0,19,90
TIEBISSOU,0,2,5,0,1,0,0,2,0,0,65,0,2,0,26,103
TOUMODI,48,4,30,0,14,0,11,8,3,12,102,37,9,47,42,367
YAMOUSSOUKRO,84,5,58,0,4,0,9,0,55,49,293,0,15,32,127,731
BOUNKANI-GONTOUGO,175,14,39,2,1,2,41,0,16,19,934,0,40,48,228,1419
BONDOUKOU,97,0,16,0,0,0,26,0,8,2,453,0,35,48,58,743
BOUNA,24,2,7,0,0,0,3,0,0,2,140,0,1,0,29,68
NASSIAN,8,0,4,0,0,0,2,0,0,0,42,0,0,0,1,57
TANDA,46,12,12,2,1,2,10,0,8,15,299,0,4,0,140,551
CAVALLY-GUEMON,184,16,105,0,10,7,26,18,18,28,1200,3,57,37,178,1887
BANGOLO,25,4,25,0,0,1,3,0,8,3,120,0,7,0,85,281
BLOLEQUIN,23,0,0,0,2,1,1,1,1,1,129,0,1,0,9,169
DUEKOUE,24,1,18,0,0,3,4,15,7,18,309,3,19,0,13,434
GUIGLO,70,11,46,0,3,2,12,0,0,3,411,0,20,37,70,685
KOUIBLY,21,0,14,0,0,0,6,0,2,1,191,0,7,0,0,242
TOULEUPLEU,21,0,2,0,5,0,0,2,0,2,40,0,3,0,1,76
GBEKE,25,2,20,0,0,1,3,1,5,6,358,0,4,1,36,366
BEOUMI,12,2,17,0,0,1,0,0,2,1,115,0,3,0,16,169
BOUAKE NORD-EST,0,0,0,0,0,0,0,0,0,0,59,0,1,0,1,61
BOUAKE NORD-OUEST,0,0,0,0,0,0,0,0,0,0,76,0,0,0,2,77
BOUAKE-SUD,0,0,0,0,0,0,0,0,0,0,59,0,0,0,0,59
SAKASSOU,13,0,3,0,0,0,3,1,3,5,49,0,0,1,17,0
GBOKLE-NAWA-SAN-PEDRO,82,9,58,0,6,2,12,78,26,8,851,6,101,169,334,1742
GUEYO,4,0,0,0,0,0,2,0,1,0,64,0,2,2,2,77
SAN-PEDRO,26,2,20,0,0,1,5,78,7,1,736,0,22,80,180,1158
SASSANDRA,8,1,26,0,1,0,3,0,15,5,280,0,22,86,60,507
SOUBRE,23,5,9,4,0,2,0,0,1,910,46,1,64,0
TABOU,21,1,3,1,1,0,0,3,1,131,6,9,0,28,0
GÔH,226,23,72,0,0,3,28,24,22,53,1078,6,48,35,374,1992
GAGNOA,149,22,66,0,0,3,28,24,19,53,821,6,42,35,254,1522
OUME,77,1,6,0,0,0,0,0,3,0,257,0,6,0,120,470
HAMBOL,141,5,17,0,9,6,40,0,5,8,424,0,9,25,79,768
DABAKALA,6,1,1,0,0,0,1,0,1,0,91,0,2,0,10,113
KATIOLA,108,1,10,0,7,5,37,0,4,4,213 NP 4,25,60,478
NIAKARAMADOUGOU,27,3,6,0,2,1,2,0,0,4,120,0,3,0,9,177
HAUT SASSANDRA,435,28,80,0,5,8,60,5,60,43,1092,0,85,13,524,2438
DALOA,358,12,64,0,0,8,44,0,46,36,642,0,69,13,465,1757
ISSIA,21,10,7,0,4,0,14,5,6,7,341,0,14,0,0,429
VAVOUA,56,6,9,0,1,0,2,0,8,0,109,0,2,0,59,252
INDENIE DUABLIN,45,1,26,0,0,1,1,0,11,3,828,0,44,84,157,1201
ABENGOUROU,8,1,16,0,0,1,1,0,1,1,451,0,37,82,31,630
AGNIBILEKROU,27,0,9,0,0,0,0,0,9,0,319,0,7,2,110,483
BETTIE,10,0,1,0,0,0,0,0,1,2,58,0,0,0,16,88
KABADOUGOU-BAFING-FOLON,533,25,87,0,11,1,12,0,7,25,657,16,37,21,151,1583
MINIGNAN,2,0,3,0,0,0,2,0,0,0,107,0,2,0,2,118
ODIENNE,467,24,76,0,11,1,10,0,4,16,352,16,28,12,113,1130
TOUBA,64,1,8,0,0,0,0,0,3,9,198,0,7,9,36,335
LÔH-DJIBOUA,197,33,201,0,18,3,70,14,17,52,812,1,59,70,295,1679
DIVO,101,12,118,0,0,3,66,8,14,48,488,1,43,58,191,1151
FRESCO,39,13,8,0,11,0,0,1,0,0,9,0,7,0,23,111
GUITRY,14,3,9,0,0,0,0,0,0,0,109,0,1,12,15,9999999
LAKOTA,43,5,66,0,7,0,4,5,3,4,206,0,8,0,66,417
MARAHOUE,81,6,53,0,3,2,30,0,12,14,561,25,38,48,143,1016
BOUAFLE,57,4,32,0,2,0,24,0,7,9,291,25,17,29,95,592
SINFRA,1,1,8,0,1,0,1,0,0,3,187,0,14,18,11,245
ZUENOULA,23,1,13,0,0,2,5,0,5,2,83,0,7,1,37,179
N'ZI-IFOU,218,6,85,0,7,2,27,4,19,41,652,5,29,15,342,1452
BOCANDA,38,1,13,0,0,2,0,0,1,6,50,0,2,3,29,145
BONGOUANOU,112,0,6,0,0,0,2,0,2,8,248,0,5,3,209,595
DAOUKRO,19,3,29,0,5,0,6,0,7,20,138,2,10,9,0,248
DIMBOKRO,17,2,16,0,0,0,9,4,5,7,96,0,6,0,70,232
MBAHIAKRO,12,0,7,0,0,0,6,0,3,0,46,3,5,0,15,97
PRIKRO,20,0,14,0,2,0,4,0,1,0,74,0,1,0,19,135
PORO-TCHOLOGO-BAGOUE,484,32,104,0,4,3,42,78,73,63,2302,75,56,393,587,4296
BOUNDIALI,13,0,4,0,0,0,0,0,1,1,425,9,1,3,12,469
FERKESSEDOUGOU,93,3,2,0,3,1,16,0,9,6,346,63,10,52,18,622
KORHOGO,359,29,96,0,1,2,26,78,61,56,1241,3,44,325,557,2878
OUANGOLODOUGOU,15,0,0,0,0,0,0,0,2,0,148,0,0,8,0,173
TENGRELA,4,0,2,0,0,0,0,0,0,0,142,0,1,5,0,154
SUD-COMOE,93,6,84,0,9,4,36,29,17,25,537,10,15,71,182,1118
ABOISSO,33,1,43,0,4,2,22,5,0,16,148,10,7,29,111,431
ADIAKE,3,3,23,0,5,1,7,17,10,7,214,0,2,21,48,361
GRAND-BASSAM,57,2,18,0,0,1,7,7,7,2,175,0,6,21,23,326
TONKPI,290,30,84,0,4,0,15,11,33,14,1034,36,68,32,260,1911
BIANKOUMA,17,3,9,0,0,0,4,0,1,4,148,2,5,0,16,209
DANANE,45,5,13,0,3,0,6,2,14,1,175,15,22,0,39,340
MAN,213,19,60,0,1,0,2,9,17,9,587,13,26,32,188,1176
ZOUAN-HOUNIEN,15,3,2,0,0,0,3,0,1,0,124,6,15,0,17,186
WORODOUGOU-BERE,74,33,44,0,0,0,3,2,3,3,1037,10,20,1,134,1364
MANKONO,26,1,0,0,0,0,3,0,0,0,491,10,3,1,112,647
SEGUELA,48,32,44,0,0,0,0,2,3,3,546,0,17,0,22,717
TOTAL CI, 3886,332,1685,2156,60,588,328,756,656,21458,281,892,1231,5649,42222